Raw data as added in manually
y

Top right quadrant:
-------------------
720,1,90
746,2,86.87
759,3,85.30
770,4,83.97
777,5,83.11
785,6,82.14
792,7,81.29
797,8,80.68
803,9,79.94
808,10,79.33
813,11,78.81
818,12,78.10
823,13,77.48
827,14,76.99
831,15,76.49
835,16,75.99
839,17,75.50
843,18,75
846,19,74.62
850,20,74.12
854,21,73.62
857,22,73.24
860,23,72.86
863,24,72.48
867,25,71.98
870,26,71.60
873,27,71.22
876,28,70.84
879,29,70.46
882,30,70.08
885,31,69.70
887,32,69.43
890,33,69.05
893,34,68.67
895,35,68.4
898,36,68.02
900,37,67.75
903,38,67.37
905,39,67.10
908,40,66.72
910,41,66.45
913,42,66.07
915,43,65.81
917,44,65.54
919,45,65.27
922,46,64.89
924,47,64.62
926,48,64.35
928,49,64.08
930,50,63.81
933,51,63.43
935,52,63.17
937,53,62.90
939,54,62.63
941,55,62.36
943,56,62.09
945,57,61.82
947,58,61.55
949,59,61.28
951,60,61.02
953,61,60.75
955,62,60.48
057,63,60.21
958,64,60.05
960,65,59.78
962,66,59.51
964,67,59.24
966,68,58.97
968,69,58.71
970,70,58.44
971,70,58.27
973,72,58.01
975,73,57.74
977,74,57.47
978,75,57.31
980,76,57.04
982,77,56.78
983,78,56.61
985,79,56.34
987,80,56.08
989,81,55.81
990,82,55.65
992,83,55.38
993,84,55.21
995,85,54.95
996,86,54.78
998,87,54.52
1000,88,54.25
1001,89,54.09
1003,90,53.82
1004,91,53.66
1006,92,53.39
1007,93,53.23
1009,94,52.96
1010,95,52.8
1012,96,52.53
1013,97,52.37
1015,98,52.10
1016,99,51.94
1018,100,51.68
1019,101,51.51
1021,102,51.25
1022,103,51.08
1024,104,50.82
1025,105,50.65
1026,106,50.48
1028,107,50.22
1029,108,50.06
1030,109,49.89
1032,110,49.63
1033,111,49.46
1034,112,49.30
1036,113,49.04
1037,114,48.87
1039,115,48.61
1040,116,48.45
1041,117,48.28
1043,118,48.02
1044,119,47.85
1045,120,47.69
1047,121,47.43
1048,122,47.26
1049,123,47.1
1051,124,46.84
1052,125,46.67
1053,126,46.51
1054,127,46.34
1056,128,46.09
1057,129,45.92
1058,130,45.75
1059,131,45.59
1061,132,45.33
1062,133,45.17
1063,134,45
1064,135,44.83
1065,136,44.67
1067,137,44.42
1068,138,44.25
1069,139,44.08
1070,140,43.92
1072,141,43.67
1073,142,43.5
1074,143,43.33
1075,144,43.17
1076,145,43
1077,146,42.84
1079,147,42.59
1080,148,42.42
1081,149,42.26
1082,150,42.09
1083,151,41.93
1084,152,41.76
1085,153,41.59
1086,154,41.43
1087,155,41.26
1089,156,41.02
1090,157,40.86
1091,158,40.69
1092,159,40.53
1093,160,40.36
1094,161,40.2
1095,162,40.03
1096,163,39.87
1098,164,39.63
1099,165,39.46
1100,166,39.3
1101,167,39.13
1102,168,38.97
1103,169,38.81
1104,170,38.64
1105,171,38.48
1106,172,38.31
1107,173,38.15
1108,174,37.99
1109,175,37.82
1110,176,37.66
1111,177,37.50
1112,178,37.33
1113,179,37.17
1114,180,37.01
1115,181,36.85
1116,182,36.68
1117,183,36.52
1118,184,36.36
1119,185,36.2
1120,186,36.04
1121,187,35.87
1122,188,35.71
1123,189,35.55
1124,190,35.39
1125,191,35.23
1126,192,35.07
1127,193,34.91
1128,194,34.75
1129,195,34.59
1130,196,34.43
1131,197,34.27
1132,198,34.11
1133,199,33.95
1134,200,33.79
1135,201,33.63
1136,202,33.47
1137,203,33.31
1138,204,33.15
1139,205,32.99
1139,206,32.89
1140,207,32.74
1141,208,32.58
1142,209,32.42
1143,210,32.26
1144,211,32.10
1145,212,31.94
1146,213,31.79
1147,214,31.63
1148,215,31.47
1149,216,31.32
1150,218,31.06
1151,219,30.91
1152,220,30.75
1153,221,30.59
1154,222,30.44
1155,223,30.28
1156,224,30.13
1156,225,30.03
1157,226,29.87
1158,227,29.72
1159,228,29.56
1160,229,29.41
1161,230,29.25
1162,231,29.10
1162,232,29
1163,233,28.85
1164,234,28.69
1165,235,28.54
1166,236,28.38
1166,237,28.29
1167,238,28.13
1168,239,27.98
1169,240,27.83
1170,241,27.67
1171,242,27.52
1171,243,27.42
1172,244,27.27
1173,245,27.12
1174,246,26.97
1175,247,26.82
1176,248,26.67
1176,249,26.57
1177,250,26.41
1178,251,26.26
1179,252,26.11
1180,253,25.96
1180,254,25.86
1181,255,25.71
1182,256,25.56
1183,257,25.42
1184,258,25.27
1184,259,25.17
1185,260,25.02
1186,261,24.87
1187,262,24.72
1187,263,24.62
1188,264,24.47
1189,265,24.32
1190,266,24.18
1191,267,24.03
1191,268,23.93
1192,269,23.78
1193,270,23.64
1194,271,23.49
1194,272,23.39
1195,273,23.24
1196,274,23.10
1197,275,22.95
1197,276,22.85
1198,277,22.7
1199,278,22.56
1199,279,22.46
1200,280,22.31
1201,281,22.17
1202,282,22.03
1203,283,21.88
1203,284,21.78
1204,285,21.64
1205,286,21.5
1205,287,21.39
1206,288,21.25
1207,289,21.11
1207,290,21.01
1208,291,20.86
1209,292,20.72
1209,293,20.62
1210,294,20.48
1211,295,20.34
1212,296,20.20
1213,297,20.06
1213,298,19.96
1214,299,19.82
1215,300,19.68
1215,301,19.57
1216,302,19.43
1217,303,19.3
1217,304,19.19
1218,305,19.05
1219,306,18.92
1219,307,18.81
1220,308,18.68
1221,309,18.54
1221,310,18.43
1222,311,18.3
1223,312,18.16
1223,313,18.06
1224,314,17.92
1225,315,17.79
1226,316,17.65
1226,317,17.55
1227,318,17.41
1227,319,17.31
1228,320,17.17
1229,321,17.04
1229,322,16.94
1230,323,16.8
1231,324,16.67
1231,325,16.57
1232,326,16.43
1233,327,16.3
1233,328,16.2
1234,329,16.06
1235,330,15.93
1235,331,15.83
1236,332,15.7
1237,333,15.56
1237,334,15.46
1238,335,15.33
1238,336,15.23
1240,337,15.1
1240,338,14.97
1241,339,14.84
1242,340,14.71
1242,341,14.6
1243,342,14.47
1243,343,14.37
1244,344,14.24
1245,345,14.11
1245,346,14.01
1246,347,13.88
1247,348,13.75
1247,349,13.65
1248,350,13.52
1248,351,13.42
1249,352,13.29
1250,353,13.17
1250,354,13.07
1251,355,12.94
1251,356,12.84
1252,357,12.71
1253,358,12.59
1253,359,12.48
1254,360,12.36
1254,361,12.26
1255,362,12.13
1256,363,12.01
1256,364,11.9
1257,365,11.78
1257,366,11.68
1258,367,11.56
1259,368,11.43
1259,369,11.33
1259,370,11.23
1260,371,11.11
1261,372,10.98
1261,373,10.88
1262,374,10.76
1262,375,10.66
1263,376,10.54
1263,377,10.43
1264,378,10.31
1265,379,10.19
1265,380,10.09
1266,381,9.97
1266,382,9.87
1267,383,9.75
1267,384,9.65
1268,385,9.53
1269,386,9.41
1269,387,9.31
1270,388,9.19
1270,389,9.09
1271,390,8.97
1271,391,8.87
1272,392,8.75
1272,393,8.65
1273,394,8.54
1273,395,8.43
1274,396,8.32
1274,397,8.22
1275,398,8.1
1276,399,7.99
1276,400,7.88
1277,401,7.77
1278,403,7.55
1279,405,7.34
1280,407,7.13
1281,408,7.01
1282,410,6.8
1283,413,6.49
1284,415,6.27
1285,417,6.06
1286,418,5.95
1287,420,5.74
1288,422,5.53
1289,424,5.32
1290,426,5.11
1291,428,4.9
1292,430,4.7
1293,432,4.49
1294,434,4.28
1295,436,4.08
1296,439,3.77
1297,441,3.57
1298,443,3.37
1299,445,3.16
1300,447,2.96
1301,449,2.76
1302,450,2.66
1303,452,2.46
1304,454,2.26
1305,457,1.96
1306,459,1.76
1307,462,1.46
1308,464,1.27
1309,466,1.07
1310,468,0.87
1311,470,0.68
1312,472,0.48
1313,475,0.19
1314,477,0
=======================
Bottom right quadrant.
Notice the angle increases again!
1315,479,0.19
1316,482,0.48
1317,484,0.67
1318,487,0.96
1319,489,1.15
1320,491,1.34
1321,493,1.52
1322,495,1.71
1323,497,1.90
1324,500,2.18
1325,504,2.56
1326,506,2.74
1327,509,3.02
1328,511,3.2
1329,513,3.38
1330,515,3.56
1331,517,3.75
1332,519,4.02
1333,522,4.2
1334,526,4.56
1335,528,4.74
1336,531,5.01
1337,533,5.19
1338,536,5.45
1339,540,5.81
1340,542,5.98
1341,544,6.16
1342,546,6.33
1343,548,6.5
1344,552,6.85
1345,555,7.11
1346,557,7.28
1347,560,7.54
1348,564,7.89
1349.566,8.05
1350,569,8.31
1351,573,8.65
1352,575,8.81
1353,577,8.98
1354,582,9.32
1355,584,9.48
1356,586,9.73
1357,590,10.06
1358,593,10.30
1359,595,10.46
1360,600,10.88
1361,602,11.03
1362,606,11.36
1363,608,11.52
1364,612,11.84
1365,615,12.08
1366,617,12.23
1367,621,12.55
1368,624,12.78
1369,628,13.10
1370,632,13.41
1371,635,13.64
1372,640,14.04
1373,642,14.18
1374,646,14.49
1375,648,14.63
1376,652,14.94
1377,657,15.32
1378,659,15.46
1379,664,15.84
1380,669,16.22
1381.673,16.52
1382,676,16.73
1383,680,17.02
1384,684,17.31
1385,689,17.68
1386,691,17.81
1387,696,18.18
1388,700,18.46
1389,705,18.82
1390,709,19.10
1391,714,19.45
1392,717,19.65
1393,723,20.08
1394,728,20.43
1395,733,20.77
1396,737,21.04
1397,742,21.38
1398,746,21.64
1399,750,21.90
1400,755,22.24
1401,761,22.64
1402,768,23.11
1403,772,23.36
1404,776,23.61
1405,785,24.21
1406,792,24.66
1407,797,24.98
1408,804,25.42
1409,809,25.73
1410,813,25.96
1411,821,26.47
1412,828,26.9
1413,839,27.58
1414,847,28.06
1415,854,28.48
1416,862,28.95
1417,869,29.35
1418,880,30
1419,891,30.64
1420,904,31.38
1421.918,32.17
1422,932,32.95
1423,948,33.82
1424,975,35.28
1425,1053,39.25
1424,1082,40.67
1423,1095,41.32
1422,1108,41.95
1421,1122,42.62
1420,1140,43.40
1419,1152,44
1418,1163,44.5
1417,1175,45.04
1416,1182,45.37
1415,1190,45.73
1414,1200,46.13
1413,1207,46.49
1412,1216,46.88
1411,1221,47.12
1410,1229,47.46
1409,1234,47.69
1408,1240,47.96
1407,1245,48.19
1406,1251,48.45
1405,1256,48,67
1404,1262,48.93
1403,1268,49.19
1402,1275,49.48
1401,1282,49.77
1400,1298,49.99
1399,1293,50.24
1298,1299,50.48
1397,1304,50.7
1396,1307,50.84
1395,1312,51.05
1394,1317,51.26
1393,1321,51.43
1392,1326,51.64
1391,1330,51.81
1390,1334,51.98
1389,1339,52.18
1388,1343,52.35
1387,1348,52.56
1386,1341,52.69
1385,1356,52.89
1384,1359,53.03
1383,1365,53.25
1382,1368,53.39
1381,1374,53.61
1380,1377,53.75
1380,1382,53.94
1378.1385,54.07
1377,1388,54.20
1376,1393,54.39
1375,1395,54.52
1374,1398,54.62
1373,1403,54.81
1372,1407,54.97
1371,1410,55.09
1370,1413,55.22
1369,1417,55.38
1368,1420,55.5
1367,1424,55.66
1366,1426,55.76
1365,1430,55.91
1364,1434,56.06
1363,1436,56.16
1362,1439,56.28
1361,1441,56.38
1360,1446,56.56
1359,1451,56.73
1358,1453,56.83
1357,1456,56.92
1356,1458,57.04
1355,1461,57.16
1354,1463,57.26
1353,1468,57.43
1352,1471,57.55
1351,1474,57.67
1350,1476,57.76
1349,1479,57.88
1340,1502,58.83
1339,1507,59
1338,1511,59.13
1329,1534,60.05
1328,1535,60.12
1311,1575,61.71
1310,1576,61.77
1301,1596,62.56
1300,1597,62.62
1294.1611,63.15
1293,1611,63.19
1286,1625,63.72
1281,1637,64.19
1275,1647,64.62
1270,1657,65.01
1264,1666,65.43
1260,1675,65.74
1255,1683,66.08
1251,1690,66.36
1246,1698,66.69
1242,1703,66.94
1237,1711,67.27
1234,1716,67.47
1230,1722,67.71
1225,1729,68.03
1222,1734,68.23
1218,1739,68.47
1207,1753,69.11
1196,1769,69.78
1190,1777,70.12
1180,1788,70.67
1168,1802,71.32
1161,1810,71.69
1142,1831,72.69
1122,1851,73.69
1101,1871,74.71
1097,1874,74.90
1083,1885,75.54
1072,1894,76.05
1065,1901,76.38
1062,1903,76.51
1057,1906,76.73
1054,1909,76.87
1049,1912,77.09
1045,1915,77.26
1041,1918,77.44
1037,1921,77.62
1032,1924,77.83
1027,1927,78.05
1022,1930,78.26
1018,1933,78.43
1013,1936,78.64
1008,1939,78.86
1003,1942,79.07
998,1945,79.28
994,1949,79.46
989,1952,79.66
983,1955,79.91
978,1958,80.12
971,1961,80.4
964,1964,80.68
959,1967,80.89
953,1971,81.14
946,1974,81.41
938,1977,81.73
931,1980,82.01
923,1984,82.33
916,1987,82.6
908,1990,82.92
897,1993,83.34
889,1996,83.65
879,2000,84.04
867,2003,84.5
855,2006,84.95
841,2009,85.48
825,2013,86.09
806,2016,86.8
776,2019,87.92
720,2023,90
